numPNodes : 6
numCNodes : 2
nodes  : [1 2 3 4 5 6 7 8 9 10 11 12 13 14 15 16]
pNodes : [1 2 3 4 5 6]
cNodes : [7 8]
rNodes : [1 2 3 4 5 6 7 8]


nodeSubsetIndexes : [1 2 3 4 5 6]
nodeSubsets : [1 2
	   2 2
	   3 2 
	   4 2
	   5 2
           6 2]

nVisits : 5
visits : [1 2 3 4 5
	  1 2 3 4 5
	  1 2 3 4 5
	  1 2 3 4 5
	  1 2 3 4 5
	  1 2 3 4 5
	  1 2 3 4 5
	  1 2 3 4 5
	  1 2 3 4 5
	  1 2 3 4 5
	  1 2 3 4 5
	  1 2 3 4 5
	  1 2 3 4 5
	  1 2 3 4 5
	  1 2 3 4 5
	  1 2 3 4 5]

operators  : [1 2 3 4]
aOperators : [4]
originOperator : [9 11 13 7]
destinationOperator : [10 12 14 16]
startNodeOperator : [1 7 3 4]

chargingSlotsAvailable : [0 1]
costOfDeviation : [1 1 1 1 1 1]
costOfPostponedCharging : 3

travelTimeVehicle : [0 1 2 1 1.7 2.2 1 2.2 0 0 0 0 0 0 0 0
	      	     1 0 1 1.7 1 1.7 1.7 1.7 0 0 0 0 0 0 0 0
	      	     2 1 0 2.2 1.7 1 2.2 1 0 0 0 0 0 0 0 0
	             1 1.7 2.2 0 1 2 0 2 0 0 0 0 0 0 0 0
	             1.7 1 1.7 1 0 1 1 1 0 0 0 0 0 0 0 0
	             2.2 1.7 1 2 1 0 2 0 0 0 0 0 0 0 0 0
	      	     1 1.7 2.2 0 1 2 0 2 0 0 0 0 0 0 0 0
	             2.2 1.7 1 2 1 0 2 0 0 0 0 0 0 0 0 0
	             0 0 0 0 0 0 0 0 0 0 0 0 0 0 0 0
	             0 0 0 0 0 0 0 0 0 0 0 0 0 0 0 0  
	             0 0 0 0 0 0 0 0 0 0 0 0 0 0 0 0
	             0 0 0 0 0 0 0 0 0 0 0 0 0 0 0 0	
  	             0 0 0 0 0 0 0 0 0 0 0 0 0 0 0 0
	             0 0 0 0 0 0 0 0 0 0 0 0 0 0 0 0  
	             0 0 0 0 0 0 0 0 0 0 0 0 0 0 0 0
	             0 0 0 0 0 0 0 0 0 0 0 0 0 0 0 0]
travelTimeBike : [0 2 4 2 3.4 4.4 2 4.4 0 0 0 0 0 0 0 0
	          2 0 2 3.4 2 3.4 3.4 3.4 0 0 0 0 0 0 0 0
	          4 2 0 4.4 3.4 2 4.4 2 0 0 0 0 0 0 0 0
	          2 3.4 4.4 0 2 4 0 4 0 0 0 0 0 0 0 0
	          3.4 2 3.4 2 0 2 2 2 0 0 0 0 0 0 0 0
	          4.4 3.4 2 4 2 0 4 0 0 0 0 0 0 0 0 0
	          2 3.4 4.4 0 2 4 0 4 0 0 0 0 0 0 0 0
	          4.4 3.4 2 4 2 0 4 0 0 0 0 0 0 0 0 0
	          0 0 0 0 0 0 0 0 0 0 0 0 0 0 0 0
	          0 0 0 0 0 0 0 0 0 0 0 0 0 0 0 0  
	          0 0 0 0 0 0 0 0 0 0 0 0 0 0 0 0
	          0 0 0 0 0 0 0 0 0 0 0 0 0 0 0 0	
  	          0 0 0 0 0 0 0 0 0 0 0 0 0 0 0 0
	          0 0 0 0 0 0 0 0 0 0 0 0 0 0 0 0  
	          0 0 0 0 0 0 0 0 0 0 0 0 0 0 0 0
	          0 0 0 0 0 0 0 0 0 0 0 0 0 0 0 0]

handlingTimeP : 0.1
handlingTimeC : 0.15
travelTimeToOrigin : [0 4 2 3]
timeLimit : 20
initialHandling : [0 1 0 1]

initialRegularInP : [1 0 1 0 0 1]
initialInNeedP : [0 1 0 0 1 0]
finishedDuringC : [1 0]

idealStateP : [2 1 0 0 0 1]
